kule
t	x	y	v
0.000000000E0	-1.352703441E0	2.478706664E-1	0
3.333333333E-2	-1.347981700E0	2.455195079E-1	2.211731434E-1
6.666666667E-2	-1.339343489E0	2.416318311E-1	3.226673046E-1
1.000000000E-1	-1.328218742E0	2.370250850E-1	4.095224601E-1
1.333333333E-1	-1.313852026E0	2.318565018E-1	4.901398467E-1
1.666666667E-1	-1.297429468E0	2.260824665E-1	5.586090082E-1
2.000000000E-1	-1.278746892E0	2.194270263E-1	6.551315835E-1
2.333333333E-1	-1.256416394E0	2.110667492E-1	7.595174080E-1
2.666666667E-1	-1.231054112E0	2.024196544E-1	8.258682119E-1
3.000000000E-1	-1.204244775E0	1.934743558E-1	8.956243908E-1
3.333333333E-1	-1.173976006E0	1.848933876E-1	9.564741181E-1
3.666666667E-1	-1.142641504E0	1.770121339E-1	1.026490603E0
4.000000000E-1	-1.107150111E0	1.701510958E-1	1.077443195E0
4.333333333E-1	-1.071787601E0	1.652134834E-1	1.102450279E0
4.666666667E-1	-1.034027243E0	1.627477927E-1	1.125430728E0
5.000000000E-1	-9.968323373E-1	1.618943560E-1	1.138314942E0
5.333333333E-1	-9.581582673E-1	1.644318093E-1	1.101468524E0
5.666666667E-1	-9.237095275E-1	1.686175216E-1	1.050966304E0
6.000000000E-1	-8.891783499E-1	1.767116296E-1	1.010467226E0
6.333333333E-1	-8.583308218E-1	1.848532300E-1	9.462877064E-1
6.666666667E-1	-8.280650499E-1	1.923637434E-1	8.910345925E-1
7.000000000E-1	-8.004283549E-1	1.981174041E-1	8.405516946E-1
7.333333333E-1	-7.729941079E-1	2.027228949E-1	8.245481453E-1
7.666666667E-1	-7.455005779E-1	2.002683598E-1	8.407283879E-1
8.000000000E-1	-7.172643981E-1	1.967529339E-1	8.809479371E-1
8.333333333E-1	-6.877148661E-1	1.897798772E-1	9.228182222E-1
8.666666667E-1	-6.579640286E-1	1.803722730E-1	1.003977278E0
9.000000000E-1	-6.248018908E-1	1.669363691E-1	1.095014547E0
9.333333333E-1	-5.906763998E-1	1.520612044E-1	1.174176335E0
9.666666667E-1	-5.534863542E-1	1.346624533E-1	1.274625139E0
1.000000000E0	-5.132046548E-1	1.171487292E-1	1.368269695E0
1.033333333E0	-4.691675315E-1	9.986222409E-2	1.451734597E0
1.066666667E0	-4.223227916E-1	8.387258480E-2	1.545540745E0
1.100000000E0	-3.709238976E-1	6.880395723E-2	1.607900576E0
1.133333333E0	-3.195841755E-1	5.329161524E-2	1.652449224E0
1.166666667E0	-2.640731860E-1	4.199213097E-2	1.704303434E0
1.200000000E0	-2.070488839E-1	3.762749793E-2	1.701230399E0
1.233333333E0	-1.506593504E-1	4.140410156E-2	1.678119861E0
1.266666667E0	-9.636068574E-2	5.387747491E-2	1.641842120E0
1.300000000E0	-4.526607468E-2	7.094905558E-2	1.551446727E0
1.333333333E0	3.739284969E-4	9.048531800E-2	1.486200448E0

