kule2
t	x	y	v
0.000000000E0	-1.356123177E0	2.333875611E-1	0
3.333333333E-2	-1.354343614E0	2.319829994E-1	1.025840854E-1
6.666666667E-2	-1.350368071E0	2.296929924E-1	2.089245711E-1
1.000000000E-1	-1.341687471E0	2.261675255E-1	3.120421742E-1
1.333333333E-1	-1.330893291E0	2.223793129E-1	3.908872799E-1
1.666666667E-1	-1.317161658E0	2.173604897E-1	4.817950789E-1
2.000000000E-1	-1.300698151E0	2.114282018E-1	5.613723433E-1
2.333333333E-1	-1.281888357E0	2.048540256E-1	6.379337053E-1
2.666666667E-1	-1.260608478E0	1.972321930E-1	7.370304366E-1
3.000000000E-1	-1.235399455E0	1.889459843E-1	8.242883935E-1
3.333333333E-1	-1.208371137E0	1.801721805E-1	8.968544736E-1
3.666666667E-1	-1.178186199E0	1.715815643E-1	9.643552418E-1
4.000000000E-1	-1.146164201E0	1.639380783E-1	1.031576449E0
4.333333333E-1	-1.110917724E0	1.572809466E-1	1.079613436E0
4.666666667E-1	-1.075120420E0	1.524024411E-1	1.098128635E0
5.000000000E-1	-1.038073767E0	1.499834477E-1	1.111505276E0
5.333333333E-1	-1.001089589E0	1.491933681E-1	1.142505029E0
5.666666667E-1	-9.619282928E-1	1.517942527E-1	1.094816056E0
6.000000000E-1	-9.283858854E-1	1.556261936E-1	1.028304182E0
6.333333333E-1	-8.943784736E-1	1.634826944E-1	1.007187334E0
6.666666667E-1	-8.631486782E-1	1.715217351E-1	9.488834926E-1
7.000000000E-1	-8.330017908E-1	1.787990637E-1	8.922607430E-1
7.333333333E-1	-8.050181346E-1	1.841388685E-1	8.291231819E-1
7.666666667E-1	-7.785974156E-1	1.885702553E-1	8.319410765E-1
8.000000000E-1	-7.496355863E-1	1.871202596E-1	8.470754236E-1
8.333333333E-1	-7.223269255E-1	1.838074545E-1	8.596717998E-1
8.666666667E-1	-6.932248052E-1	1.769996637E-1	9.130336387E-1
9.000000000E-1	-6.635803436E-1	1.678743687E-1	9.831723848E-1
9.333333333E-1	-6.313604126E-1	1.553450776E-1	1.079300216E0
9.666666667E-1	-5.972665347E-1	1.399501319E-1	1.211939686E0
1.000000000E0	-5.577987579E-1	1.219284174E-1	1.281053738E0
1.033333333E0	-5.192862908E-1	1.051240858E-1	1.327804952E0
1.066666667E0	-4.761056412E-1	8.783907094E-2	1.461597766E0
1.100000000E0	-4.280658967E-1	7.086968064E-2	1.500612662E0
1.133333333E0	-3.810276969E-1	5.672066812E-2	1.598629971E0
1.166666667E0	-3.259401195E-1	4.039630040E-2	1.711902695E0
1.200000000E0	-2.704040485E-1	2.866099144E-2	1.701743775E0
1.233333333E0	-2.138051541E-1	2.317544506E-2	1.698161147E0
1.266666667E0	-1.572205749E-1	2.617630256E-2	1.674260204E0
1.300000000E0	-1.031132958E-1	3.751924697E-2	1.632988884E0
1.333333333E0	-5.206692106E-2	5.436315821E-2	1.546374397E0
1.366666667E0	-6.000702804E-3	7.211733534E-2	1.462045079E0
