kule_4
t	x	y	v
3.333333333E-2	-1.360116830E0	2.380204452E-1	0
6.666666667E-2	-1.357307784E0	2.364742849E-1	1.419582927E-1
1.000000000E-1	-1.351844644E0	2.334230463E-1	2.363834642E-1
1.333333333E-1	-1.343918364E0	2.281636727E-1	3.218539794E-1
1.666666667E-1	-1.332701685E0	2.237304165E-1	4.011051858E-1
2.000000000E-1	-1.318919894E0	2.186703798E-1	4.791244165E-1
2.333333333E-1	-1.302701643E0	2.127638742E-1	5.660008192E-1
2.666666667E-1	-1.283375009E0	2.060066657E-1	6.513264583E-1
3.000000000E-1	-1.261827056E0	1.981106248E-1	7.259403684E-1
3.333333333E-1	-1.237684073E0	1.900531820E-1	8.184383796E-1
3.666666667E-1	-1.210030697E0	1.809580724E-1	9.018671643E-1
4.000000000E-1	-1.180156532E0	1.725736281E-1	9.695422037E-1
4.333333333E-1	-1.147529475E0	1.644829803E-1	1.025047866E0
4.666666667E-1	-1.113407084E0	1.579315072E-1	1.069650916E0
5.000000000E-1	-1.077121895E0	1.531738002E-1	1.102657211E0
5.333333333E-1	-1.040304887E0	1.501946058E-1	1.116858781E0
5.666666667E-1	-1.002751752E0	1.495732155E-1	1.139417246E0
6.000000000E-1	-9.643868661E-1	1.527539661E-1	1.101742709E0
6.333333333E-1	-9.295725607E-1	1.558690097E-1	1.042913189E0
6.666666667E-1	-8.956946503E-1	1.634991572E-1	1.018807294E0
7.000000000E-1	-8.636572755E-1	1.722509396E-1	9.566456554E-1
7.333333333E-1	-8.339625599E-1	1.795171245E-1	8.971969837E-1
7.666666667E-1	-8.052367809E-1	1.850827982E-1	8.342449338E-1
8.000000000E-1	-7.792650958E-1	1.895850674E-1	8.146376994E-1
8.333333333E-1	-7.509920079E-1	1.877269689E-1	8.547534869E-1
8.666666667E-1	-7.224791161E-1	1.848438360E-1	8.696836267E-1
9.000000000E-1	-6.938138052E-1	1.781245235E-1	9.224963200E-1
9.333333333E-1	-6.631380314E-1	1.686928145E-1	9.954419667E-1
9.666666667E-1	-6.311030278E-1	1.564132516E-1	1.091668792E0
1.000000000E0	-5.959349483E-1	1.407576902E-1	1.210106760E0
1.033333333E0	-5.574869014E-1	1.234143825E-1	1.275344482E0
1.066666667E0	-5.184597005E-1	1.057364017E-1	1.355462486E0
1.100000000E0	-4.743081325E-1	8.810185144E-2	1.455215431E0
1.133333333E0	-4.275933884E-1	7.174964300E-2	1.481498495E0
1.166666667E0	-3.802581208E-1	5.794509556E-2	1.630932781E0
1.200000000E0	-3.234471411E-1	4.051628817E-2	1.721166493E0
1.233333333E0	-2.691379027E-1	2.933422346E-2	1.691124417E0
1.266666667E0	-2.118820960E-1	2.427081682E-2	1.705530125E0
1.300000000E0	-1.554522117E-1	2.740799119E-2	1.674779162E0
1.333333333E0	-1.011909544E-1	3.888682888E-2	1.626959420E0
1.366666667E0	-5.071246551E-2	5.558628918E-2	1.528751440E0
1.400000000E0	-5.298153948E-3	7.340634984E-2	1.487508323E0

