kule_5
t	x	y	v
0.000000000E0	-1.354584066E0	2.389013789E-1	
3.333333333E-2	-1.351325558E0	2.370409919E-1	1.981855990E-1
6.666666667E-2	-1.342530239E0	2.334910128E-1	3.146143238E-1
1.000000000E-1	-1.331732091E0	2.295565540E-1	3.974784883E-1
1.333333333E-1	-1.317580941E0	2.245631621E-1	5.000180858E-1
1.666666667E-1	-1.300381410E0	2.182284338E-1	5.672047987E-1
2.000000000E-1	-1.281987913E0	2.117956758E-1	6.441483173E-1
2.333333333E-1	-1.259999254E0	2.036201580E-1	7.550088853E-1
2.666666667E-1	-1.234582627E0	1.948769588E-1	8.240200443E-1
3.000000000E-1	-1.207945552E0	1.860636770E-1	8.932452660E-1
3.333333333E-1	-1.177706102E0	1.772353666E-1	9.567748405E-1
3.666666667E-1	-1.146283037E0	1.697462296E-1	1.022968471E0
4.000000000E-1	-1.111042758E0	1.628495441E-1	1.077850662E0
4.333333333E-1	-1.075425998E0	1.578019047E-1	1.098383922E0
4.666666667E-1	-1.038219564E0	1.551833722E-1	1.112946136E0
5.000000000E-1	-1.001313753E0	1.542688808E-1	1.143480225E0
5.333333333E-1	-9.620214205E-1	1.574556003E-1	1.103251411E0
5.666666667E-1	-9.280546071E-1	1.608044718E-1	1.036111818E0
6.000000000E-1	-8.938212437E-1	1.684086865E-1	1.017205591E0
6.333333333E-1	-8.621853005E-1	1.769269148E-1	9.591342686E-1
6.666666667E-1	-8.318728925E-1	1.842522197E-1	8.983113819E-1
7.000000000E-1	-8.036658717E-1	1.896540586E-1	8.334195292E-1
7.333333333E-1	-7.771445618E-1	1.938370042E-1	8.252704331E-1
7.666666667E-1	-7.487294703E-1	1.926499399E-1	8.471194163E-1
8.000000000E-1	-7.208492137E-1	1.893406322E-1	8.685130286E-1
8.333333333E-1	-6.917006048E-1	1.826389923E-1	9.111374775E-1
8.666666667E-1	-6.622053940E-1	1.735117491E-1	9.809917864E-1
9.000000000E-1	-6.299757698E-1	1.610257295E-1	1.079568036E0
9.333333333E-1	-5.958530390E-1	1.456331022E-1	1.205775401E0
9.666666667E-1	-5.566581731E-1	1.280669288E-1	1.263181657E0
1.000000000E0	-5.190548667E-1	1.110828449E-1	1.325050170E0
1.033333333E0	-4.751751566E-1	9.395114533E-2	1.468302510E0
1.066666667E0	-4.273053137E-1	7.696757263E-2	1.505081843E0
1.100000000E0	-3.799367279E-1	6.236769407E-2	1.593702049E0
1.133333333E0	-3.255601147E-1	4.636859099E-2	1.697555486E0
1.166666667E0	-2.702322494E-1	3.457454611E-2	1.704075606E0
1.200000000E0	-2.133284357E-1	2.875736017E-2	1.707575083E0
1.233333333E0	-1.564422448E-1	3.125757980E-2	1.685348899E0
1.266666667E0	-1.018239000E-1	4.256831819E-2	1.640227825E0
1.300000000E0	-5.068564494E-2	5.905399619E-2	1.544930491E0
1.333333333E0	-4.665338110E-3	7.674812626E-2	1.474276691E0
1.366666667E0	4.117680989E-2	9.400042338E-2	1.430482454E0
1.400000000E0	8.491757742E-2	1.094510200E-1	1.339694683E0
1.433333333E0	1.259340607E-1	1.221609744E-1	
