kule_6
t	x	y	v
0.000000000E0	-1.358222215E0	2.401667105E-1	
3.333333333E-2	-1.354690466E0	2.385926942E-1	1.728115491E-1
6.666666667E-2	-1.348086195E0	2.346904661E-1	2.814067783E-1
1.000000000E-1	-1.337640976E0	2.307652143E-1	3.762381482E-1
1.333333333E-1	-1.324573194E0	2.259570398E-1	4.582815065E-1
1.666666667E-1	-1.308943051E0	2.202838046E-1	5.306746712E-1
2.000000000E-1	-1.291354442E0	2.137857835E-1	6.137285337E-1
2.333333333E-1	-1.270477173E0	2.063398927E-1	7.105944373E-1
2.666666667E-1	-1.246742689E0	1.978487493E-1	7.892735979E-1
3.000000000E-1	-1.220785752E0	1.890355048E-1	8.697563351E-1
3.333333333E-1	-1.191509815E0	1.802009313E-1	9.378941191E-1
3.666666667E-1	-1.160093418E0	1.740030170E-1	9.963693673E-1
4.000000000E-1	-1.127034783E0	1.642259192E-1	1.049294111E0
4.333333333E-1	-1.091831589E0	1.587145711E-1	1.096239645E0
4.666666667E-1	-1.054539076E0	1.549822660E-1	1.117814179E0
5.000000000E-1	-1.017499964E0	1.534060126E-1	1.115605154E0
5.333333333E-1	-9.801756056E-1	1.537501236E-1	1.114798274E0
5.666666667E-1	-9.432587926E-1	1.568256275E-1	1.102394538E0
6.000000000E-1	-9.073755404E-1	1.638182423E-1	1.048491891E0
6.333333333E-1	-8.749686681E-1	1.717384848E-1	9.894093482E-1
6.666666667E-1	-8.434511020E-1	1.800807755E-1	9.353243550E-1
7.000000000E-1	-8.144276128E-1	1.866690336E-1	8.806351046E-1
7.333333333E-1	-7.857401099E-1	1.908598707E-1	8.529092123E-1
7.666666667E-1	-7.578536338E-1	1.923711690E-1	8.295093983E-1
8.000000000E-1	-7.304440578E-1	1.901485911E-1	8.494766494E-1
8.333333333E-1	-7.017076128E-1	1.849696528E-1	8.998071172E-1
8.666666667E-1	-6.720074587E-1	1.765979086E-1	9.784743048E-1
9.000000000E-1	-6.397281102E-1	1.646298998E-1	1.051243085E0
9.333333333E-1	-6.071114475E-1	1.501381898E-1	1.100274334E0
9.666666667E-1	-5.723947813E-1	1.355320769E-1	1.239339922E0
1.000000000E0	-5.317143713E-1	1.163478792E-1	1.366055922E0
1.033333333E0	-4.890131884E-1	9.890794859E-2	1.441931068E0
1.066666667E0	-4.421604926E-1	8.140740063E-2	1.528803458E0
1.100000000E0	-3.928045026E-1	6.526835624E-2	1.590256415E0
1.133333333E0	-3.409532255E-1	4.983663302E-2	1.645726922E0
1.166666667E0	-2.867974150E-1	3.698573374E-2	1.689764803E0
1.200000000E0	-2.301884344E-1	2.930845990E-2	1.754204839E0
1.233333333E0	-1.700272865E-1	3.055647469E-2	1.727492265E0
1.266666667E0	-1.153718221E-1	3.827438779E-2	1.655704083E0
1.300000000E0	-6.223495201E-2	5.431814826E-2	1.608437881E0
1.333333333E0	-1.362056985E-2	7.210901958E-2	1.507414803E0
1.366666667E0	3.163199422E-2	9.020832517E-2	1.416777974E0
1.400000000E0	7.474395874E-2	1.054686490E-1	
