kule_7
t	x	y	v
0.000000000E0	-1.362651957E0	2.394027101E-1	0
3.333333333E-2	-1.361768552E0	2.389610077E-1	7.726636638E-2
6.666666667E-2	-1.358234933E0	2.367524956E-1	1.722639427E-1
1.000000000E-1	-1.351167694E0	2.345439835E-1	2.640257494E-1
1.333333333E-1	-1.341450241E0	2.314520666E-1	3.596729587E-1
1.666666667E-1	-1.328621409E0	2.263819386E-1	4.535140525E-1
2.000000000E-1	-1.313154779E0	2.207994645E-1	5.310547098E-1
2.333333333E-1	-1.295479648E0	2.139303553E-1	6.029656041E-1
2.666666667E-1	-1.275473559E0	2.068001327E-1	7.007622724E-1
3.000000000E-1	-1.251539932E0	1.980613697E-1	7.829588075E-1
3.333333333E-1	-1.226274168E0	1.893653034E-1	8.523736998E-1
3.666666667E-1	-1.197547334E0	1.803449886E-1	9.377307881E-1
4.000000000E-1	-1.166536084E0	1.709388354E-1	9.936244464E-1
4.333333333E-1	-1.133317293E0	1.641442196E-1	1.051155082E0
4.666666667E-1	-1.097652310E0	1.580620172E-1	1.097516447E0
5.000000000E-1	-1.060904027E0	1.536637337E-1	1.116889609E0
5.333333333E-1	-1.023450734E0	1.518721392E-1	1.134136343E0
5.666666667E-1	-9.853153155E-1	1.519084466E-1	1.116867695E0
6.000000000E-1	-9.490440472E-1	1.546318092E-1	1.104198595E0
6.333333333E-1	-9.123539684E-1	1.616834596E-1	1.058428055E0
6.666666667E-1	-8.801270306E-1	1.697785041E-1	9.922121518E-1
7.000000000E-1	-8.483485196E-1	1.783805018E-1	9.474476763E-1
7.333333333E-1	-8.188882684E-1	1.852510966E-1	8.913675659E-1
7.666666667E-1	-7.900071106E-1	1.896743814E-1	8.752477991E-1
8.000000000E-1	-7.608387206E-1	1.911634036E-1	8.392831175E-1
8.333333333E-1	-7.340598837E-1	1.889278182E-1	8.455649803E-1
8.666666667E-1	-7.049649873E-1	1.836924317E-1	9.041218437E-1
9.000000000E-1	-6.753149011E-1	1.754342166E-1	9.678396098E-1
9.333333333E-1	-6.435076984E-1	1.640411518E-1	1.049502553E0
9.666666667E-1	-6.104015736E-1	1.493263984E-1	1.122294903E0
1.000000000E0	-5.748632031E-1	1.342768305E-1	1.254648637E0
1.033333333E0	-5.341255403E-1	1.150020812E-1	1.369757484E0
1.066666667E0	-4.913481750E-1	9.734358238E-2	1.448698397E0
1.100000000E0	-4.441082046E-1	8.000843858E-2	1.536382954E0
1.133333333E0	-3.946231454E-1	6.364999387E-2	1.557614482E0
1.166666667E0	-3.450266671E-1	4.893119566E-2	1.621531479E0
1.200000000E0	-2.902591291E-1	3.546815884E-2	1.698136345E0
1.233333333E0	-2.338343283E-1	2.765769632E-2	1.730971589E0
1.266666667E0	-1.749824354E-1	3.017602044E-2	1.721702683E0
1.300000000E0	-1.193812877E-1	3.631742841E-2	1.657623447E0
1.333333333E0	-6.665890035E-2	5.204107510E-2	1.601519683E0
1.366666667E0	-1.787889234E-2	6.943336195E-2	1.521298197E0
