kule_7
t	x	y	v
0.000000000E0	-1.362651957E0	2.398444125E-1	0
3.333333333E-2	-1.362687566E0	2.398205462E-1	2.738954200E-3
6.666666667E-2	-1.362821609E0	2.397768856E-1	6.576529603E-3
1.000000000E-1	-1.362340530E0	2.395526078E-1	6.264093855E-2
1.333333333E-1	-1.359031814E0	2.380227610E-1	1.864701616E-1
1.666666667E-1	-1.351167694E0	2.341022811E-1	2.803590929E-1
2.000000000E-1	-1.341891943E0	2.305686617E-1	3.541409558E-1
2.333333333E-1	-1.328640871E0	2.270350424E-1	4.525779617E-1
2.666666667E-1	-1.313181286E0	2.212929110E-1	5.316802820E-1
3.000000000E-1	-1.295511498E0	2.144327548E-1	6.017003816E-1
3.333333333E-1	-1.275586622E0	2.073028145E-1	7.006604332E-1
3.666666667E-1	-1.251575144E0	1.985744493E-1	7.836753270E-1
4.000000000E-1	-1.226346703E0	1.898393485E-1	8.425653598E-1
4.333333333E-1	-1.198338658E0	1.806562886E-1	9.343274922E-1
4.666666667E-1	-1.166581388E0	1.722904364E-1	1.004813223E0
5.000000000E-1	-1.134511510E0	1.603233888E-1	1.043868014E0
5.333333333E-1	-1.099294340E0	1.545312586E-1	1.097105456E0
5.666666667E-1	-1.062069862E0	1.502377290E-1	1.123643417E0
6.000000000E-1	-1.024647786E0	1.482595552E-1	1.133461508E0
6.333333333E-1	-9.865344191E-1	1.481568450E-1	1.113591366E0
6.666666667E-1	-9.504659234E-1	1.511824760E-1	1.100743900E0
7.000000000E-1	-9.138717373E-1	1.584129942E-1	1.057021429E0
7.333333333E-1	-8.816385825E-1	1.663003327E-1	9.883229799E-1
7.666666667E-1	-8.499950632E-1	1.745692696E-1	9.449215508E-1
8.000000000E-1	-8.204866494E-1	1.814258783E-1	8.957931240E-1
8.333333333E-1	-7.914691579E-1	1.864495917E-1	8.854794955E-1
8.666666667E-1	-7.618357869E-1	1.881228468E-1	8.343985903E-1
9.000000000E-1	-7.358538214E-1	1.853315864E-1	8.375212804E-1
9.333333333E-1	-7.065914637E-1	1.800244341E-1	8.992584324E-1
9.666666667E-1	-6.773588883E-1	1.722009847E-1	9.690965504E-1
1.000000000E0	-6.449881825E-1	1.605558078E-1	1.055374799E0
1.033333333E0	-6.121330091E-1	1.458214875E-1	1.111534503E0
1.066666667E0	-5.769530532E-1	1.311896356E-1	1.246107850E0
1.100000000E0	-5.361819800E-1	1.121657771E-1	1.368513532E0
1.133333333E0	-4.933127332E-1	9.474814026E-2	1.449743207E0
1.166666667E0	-4.460060812E-1	7.738874126E-2	1.535296337E0
1.200000000E0	-3.965965056E-1	6.124998821E-2	1.576946200E0
1.233333333E0	-3.457465085E-1	4.576151074E-2	1.624957826E0
1.266666667E0	-2.920129104E-1	3.300510293E-2	1.689915856E0
1.300000000E0	-2.350843573E-1	2.463328120E-2	1.727815555E0
1.333333333E0	-1.769373989E-1	2.792241344E-2	1.715017257E0
1.366666667E0	-1.210478566E-1	3.288256544E-2	1.649598867E0
1.400000000E0	-6.871903269E-2	4.749031182E-2	1.600002445E0
1.433333333E0	-1.967968658E-2	6.608356918E-2	1.534485456E0
1.466666667E0	2.640470314E-2	8.512761391E-2	1.437402449E0	
