kule_7
t	x	y	v
0.000000000E0	-1.362651957E0	2.398444125E-1	0
3.333333333E-2	-1.362687566E0	2.398205462E-1	2.738954200E-3
6.666666667E-2	-1.362821609E0	2.397768856E-1	6.576529603E-3
1.000000000E-1	-1.362340530E0	2.395526078E-1	6.264093855E-2
1.333333333E-1	-1.359031814E0	2.380227610E-1	2.362132453E-1
1.666666667E-1	-1.350085483E0	2.296632628E-1	3.040495315E-1
2.000000000E-1	-1.342512622E0	2.262759345E-1	3.200206112E-1
2.333333333E-1	-1.330241523E0	2.218282766E-1	4.415289648E-1
2.666666667E-1	-1.314902468E0	2.160722975E-1	5.280795366E-1
3.000000000E-1	-1.297187547E0	2.097101913E-1	5.988102258E-1
3.333333333E-1	-1.277274919E0	2.027370673E-1	6.996660134E-1
3.666666667E-1	-1.253278198E0	1.939726804E-1	7.849312990E-1
4.000000000E-1	-1.227936484E0	1.853009777E-1	8.560592863E-1
4.333333333E-1	-1.199033006E0	1.762381195E-1	9.407908590E-1
4.666666667E-1	-1.166581388E0	1.722904364E-1	9.968289598E-1
5.000000000E-1	-1.134511510E0	1.603233888E-1	1.043868014E0
5.333333333E-1	-1.099294340E0	1.545312586E-1	1.097105456E0
5.666666667E-1	-1.062069862E0	1.502377290E-1	1.123643417E0
6.000000000E-1	-1.024647786E0	1.482595552E-1	1.133461508E0
6.333333333E-1	-9.865344191E-1	1.481568450E-1	1.113591366E0
6.666666667E-1	-9.504659234E-1	1.511824760E-1	1.100743900E0
7.000000000E-1	-9.138717373E-1	1.584129942E-1	1.057021429E0
7.333333333E-1	-8.816385825E-1	1.663003327E-1	9.883229799E-1
7.666666667E-1	-8.499950632E-1	1.745692696E-1	9.449215508E-1
8.000000000E-1	-8.204866494E-1	1.814258783E-1	8.957931240E-1
8.333333333E-1	-7.914691579E-1	1.864495917E-1	8.854794955E-1
8.666666667E-1	-7.618357869E-1	1.881228468E-1	8.343985903E-1
9.000000000E-1	-7.358538214E-1	1.853315864E-1	8.375212804E-1
9.333333333E-1	-7.065914637E-1	1.800244341E-1	8.992584324E-1
9.666666667E-1	-6.773588883E-1	1.722009847E-1	9.690965504E-1
1.000000000E0	-6.449881825E-1	1.605558078E-1	1.055374799E0
1.033333333E0	-6.121330091E-1	1.458214875E-1	1.111534503E0
1.066666667E0	-5.769530532E-1	1.311896356E-1	1.246107850E0
1.100000000E0	-5.361819800E-1	1.121657771E-1	1.368513532E0
1.133333333E0	-4.933127332E-1	9.474814026E-2	1.449743207E0
1.166666667E0	-4.460060812E-1	7.738874126E-2	1.535296337E0
1.200000000E0	-3.965965056E-1	6.124998821E-2	1.576946200E0
1.233333333E0	-3.457465085E-1	4.576151074E-2	1.624957826E0
1.266666667E0	-2.920129104E-1	3.300510293E-2	1.689915856E0
1.300000000E0	-2.350843573E-1	2.463328120E-2	1.727815555E0
1.333333333E0	-1.769373989E-1	2.792241344E-2	1.715017257E0
1.366666667E0	-1.210478566E-1	3.288256544E-2	1.649598867E0
1.400000000E0	-6.871903269E-2	4.749031182E-2	1.600002445E0
1.433333333E0	-1.967968658E-2	6.608356918E-2	1.534485456E0
1.466666667E0	2.640470314E-2	8.512761391E-2	1.437402449E0
