kule_8
t	x	y	v
0.000000000E0	-1.354803569E0	2.392126724E-1	0
3.333333333E-2	-1.354859822E0	2.392182557E-1	3.228745420E-3
6.666666667E-2	-1.354734568E0	2.390087817E-1	8.511556274E-3
1.000000000E-1	-1.354509177E0	2.387721249E-1	1.502693151E-1
1.333333333E-1	-1.347691742E0	2.318843164E-1	2.819222248E-1
1.666666667E-1	-1.338477268E0	2.289627934E-1	3.453057436E-1
2.000000000E-1	-1.326023905E0	2.241098145E-1	4.382346705E-1
2.333333333E-1	-1.311332166E0	2.181601404E-1	4.999363383E-1
2.666666667E-1	-1.294802527E0	2.124456069E-1	5.767363594E-1
3.000000000E-1	-1.275031924E0	2.054863501E-1	6.911621289E-1
3.333333333E-1	-1.251443549E0	1.968528918E-1	7.788637247E-1
3.666666667E-1	-1.225993972E0	1.884157056E-1	8.472575932E-1
4.000000000E-1	-1.197700239E0	1.794724229E-1	9.084254511E-1
4.333333333E-1	-1.166880829E0	1.752492542E-1	9.830337854E-1
4.666666667E-1	-1.134095066E0	1.636833443E-1	1.050256842E0
5.000000000E-1	-1.099060965E0	1.578462802E-1	1.074400988E0
5.333333333E-1	-1.063138699E0	1.539066960E-1	1.094804511E0
5.666666667E-1	-1.026303702E0	1.520602553E-1	1.112842554E0
6.000000000E-1	-9.889658465E-1	1.523349685E-1	1.100628848E0
6.333333333E-1	-9.529724015E-1	1.545996692E-1	1.090036137E0
6.666666667E-1	-9.168412375E-1	1.612138960E-1	1.052222164E0
7.000000000E-1	-8.843118623E-1	1.689695160E-1	9.910908174E-1
7.333333333E-1	-8.527883202E-1	1.774258749E-1	9.356356234E-1
7.666666667E-1	-8.238734778E-1	1.843945170E-1	8.726286529E-1
8.000000000E-1	-7.958851395E-1	1.895249239E-1	8.634234428E-1
8.333333333E-1	-7.671135628E-1	1.939676862E-1	8.159901470E-1
8.666666667E-1	-7.414885042E-1	1.900676943E-1	8.213051334E-1
9.000000000E-1	-7.129501780E-1	1.859494112E-1	8.718119471E-1
9.333333333E-1	-6.844393012E-1	1.789584451E-1	9.318487739E-1
9.666666667E-1	-6.533465450E-1	1.684364067E-1	1.017138328E0
1.000000000E0	-6.208839793E-1	1.553192481E-1	1.107289258E0
1.033333333E0	-5.857236785E-1	1.388317686E-1	1.202988633E0
1.066666667E0	-5.481143763E-1	1.216071828E-1	1.301975238E0
1.100000000E0	-5.063906767E-1	1.036148940E-1	1.408635977E0
1.133333333E0	-4.611532636E-1	8.615753694E-2	1.475671976E0
1.166666667E0	-4.138363865E-1	7.026882741E-2	1.559963971E0
1.200000000E0	-3.617979671E-1	5.543253958E-2	1.607387727E0
1.233333333E0	-3.109398714E-1	4.034563523E-2	1.637077638E0
1.266666667E0	-2.556347348E-1	3.012281253E-2	1.687040165E0
1.300000000E0	-1.992820522E-1	2.685916728E-2	1.691891407E0
1.333333333E0	-1.428550037E-1	3.183718183E-2	1.667043328E0
1.366666667E0	-8.961721489E-2	4.488368579E-2	1.599658439E0
1.400000000E0	-4.043666643E-2	6.155930729E-2	1.524340105E0
1.433333333E0	4.641952135E-3	8.286232768E-2	1.468736575E0

