kule_3
t	x	y	v
0.000000000E0	-1.362311484E0	2.393548567E-1	
3.333333333E-2	-1.361889782E0	2.390298731E-1	5.271310995E-2
6.666666667E-2	-1.359052270E0	2.380406361E-1	1.312966440E-1
1.000000000E-1	-1.353882044E0	2.354953214E-1	2.103023328E-1
1.333333333E-1	-1.346476984E0	2.318416881E-1	2.874664813E-1
1.666666667E-1	-1.336133779E0	2.282652068E-1	3.873185915E-1
2.000000000E-1	-1.322104380E0	2.233145213E-1	4.906585670E-1
2.333333333E-1	-1.305332870E0	2.172522392E-1	5.689421935E-1
2.666666667E-1	-1.286538948E0	2.101332661E-1	6.412881024E-1
3.000000000E-1	-1.265316390E0	2.022036163E-1	7.338173235E-1
3.333333333E-1	-1.240536840E0	1.934873814E-1	8.165683762E-1
3.666666667E-1	-1.213808795E0	1.845839777E-1	8.882079311E-1
4.000000000E-1	-1.184059623E0	1.756939729E-1	9.806103837E-1
4.333333333E-1	-1.150750357E0	1.673387842E-1	1.020829749E0
4.666666667E-1	-1.117780072E0	1.602489979E-1	1.052216556E0
5.000000000E-1	-1.081763268E0	1.546308658E-1	1.101607057E0
5.333333333E-1	-1.044890247E0	1.512725831E-1	1.115688880E0
5.666666667E-1	-1.007497755E0	1.505189639E-1	1.112807773E0
6.000000000E-1	-9.707319753E-1	1.533436207E-1	1.112272077E0
6.333333333E-1	-9.335200294E-1	1.555921114E-1	1.091479136E0
6.666666667E-1	-8.986440182E-1	1.632487602E-1	1.027954694E0
7.000000000E-1	-8.669225311E-1	1.717530834E-1	9.646364823E-1
7.333333333E-1	-8.363706630E-1	1.793014680E-1	9.102109004E-1
7.666666667E-1	-8.078705717E-1	1.857179206E-1	8.521110372E-1
8.000000000E-1	-7.805386725E-1	1.897833478E-1	8.386670639E-1
8.333333333E-1	-7.520850221E-1	1.894632868E-1	8.479658897E-1
8.666666667E-1	-7.241104556E-1	1.863749744E-1	8.639886141E-1
9.000000000E-1	-6.951692106E-1	1.806166516E-1	9.045322880E-1
9.333333333E-1	-6.656048322E-1	1.717653326E-1	9.764847482E-1
9.666666667E-1	-6.335891997E-1	1.595031517E-1	1.082826459E0
1.000000000E0	-5.989337141E-1	1.440862517E-1	1.175571559E0
1.033333333E0	-5.613678080E-1	1.290703937E-1	1.254449396E0
1.066666667E0	-5.227492699E-1	1.095913155E-1	1.347991960E0
1.100000000E0	-4.792519803E-1	9.256132234E-2	1.456460652E0
1.133333333E0	-4.318380702E-1	7.548773292E-2	1.510807713E0
1.166666667E0	-3.838547357E-1	6.025052373E-2	1.589810474E0
1.200000000E0	-3.304268479E-1	4.468050139E-2	1.684355125E0
1.233333333E0	-2.750538729E-1	3.247475957E-2	1.695451141E0
1.266666667E0	-2.188763411E-1	2.645188314E-2	1.702717277E0
1.300000000E0	-1.616034213E-1	2.866249348E-2	1.692237600E0
1.333333333E0	-1.068154801E-1	3.948174148E-2	1.639296644E0
1.366666667E0	-5.570535816E-2	5.566484187E-2	1.558900039E0
1.400000000E0	-8.579975217E-3	7.340132517E-2	1.479741464E0
1.433333333E0	3.649356954E-2	9.075141983E-2	1.422331119E0
1.466666667E0	8.026565189E-2	1.065325849E-1	
